camera_matrix:
- - 510.44502344878794
  - 0.0
  - 313.81400224374465
- - 0.0
  - 507.8907169885636
  - 219.29159440582362
- - 0.0
  - 0.0
  - 1.0
dist_coeff:
- - -0.17271535130689328
  - 1.6842337537418983
  - 0.010079109161864502
  - 0.005008132214196326
  - -5.319730093833983
