camera_matrix:
- - 516.4252772112708
  - 0.0
  - 298.6676105491804
- - 0.0
  - 512.0095884513589
  - 220.28155171900605
- - 0.0
  - 0.0
  - 1.0
dist_coeff:
- - 0.10621528385106475
  - -0.02435191316101751
  - -0.0013438620450729774
  - -0.018081122099881112
  - -0.13027740709581895
