camera_matrix:
- - 531.0157598566054
  - 0.0
  - 327.83610621147005
- - 0.0
  - 533.5738830424359
  - 209.73393730480646
- - 0.0
  - 0.0
  - 1.0
dist_coeff:
- - -0.6554137303948895
  - 13.137980191530403
  - 0.004521102154589184
  - -0.010579995080264706
  - -59.76741115733931
